0.025817872	1.072778871
-0.079032499	1.064584966
-0.299209253	0.804877148
-0.80990853	0.605548228
-0.132657912	0.918615508
0.418470395	1.035849832
-0.768063535	0.575718914
-0.843830636	0.697726827
-0.261494184	0.821038005
-0.932743244	0.664402463
-0.615699249	0.650856086
-0.057280309	1.07994019
-0.71015436	0.67312248
0.435671055	1.128000749
0.323428556	1.275994375
-0.136259174	0.86063983
-0.107930228	0.82846774
0.016663068	1.022484358
0.056175746	1.140276602
0.145756033	1.179320496
-0.278355866	1.011581144
-0.327045485	1.026140955
-0.65346747	0.797982662
-0.827763035	0.6868672
-0.21332726	0.947166021
0.608735774	1.242688437
-0.977838625	0.389469559
-0.533773565	0.644112269
0.867701172	1.235530459
-0.546404957	0.821831684
