1.005793141204178482e+02
9.181894308289066942e-01
7.413333079750311638e-01
6.440023179915140839e-01
5.783424392433225147e-01
5.295970998060998136e-01
4.913391945134518157e-01
4.601977156617661491e-01
4.341779434931224979e-01
4.120007983989845690e-01
3.927985555886605029e-01
3.759572773954697467e-01
3.610280042091649211e-01
3.476734752097656034e-01
3.356345928442412418e-01
3.247084842344329370e-01
3.147336806903889284e-01
3.055798276404053104e-01
2.971403682185746464e-01
2.893272315719623289e-01
2.820669048705879978e-01
2.752974806039518718e-01
2.689664043242102620e-01
2.630287340190422540e-01
2.574457789394744012e-01
2.521840237641777560e-01
2.472142700271248716e-01
2.425109448661652289e-01
2.380515399705004920e-01
2.338161528028099845e-01
2.297871088593961830e-01
2.259486486547953310e-01
2.222866667829635212e-01
2.187884931655554033e-01
2.154427086937984459e-01
2.122389890774795396e-01
2.091679719569943530e-01
2.062211433024166707e-01
2.033907398831135971e-01
2.006696651914879337e-01
1.980514166813604759e-01
1.955300225628752442e-01
1.930999867023476535e-01
1.907562404232255315e-01
1.884941002054878467e-01
1.863092304449293635e-01
1.841976105682655296e-01
1.821555059106559071e-01
1.801794418537006337e-01
1.782661807977957424e-01
1.764127016059127695e-01
1.746161812086179377e-01
1.728739781044125179e-01
1.711836175267169302e-01
1.695427780802381268e-01
1.679492796760909679e-01
1.664010726176584909e-01
1.648962277084306260e-01
1.634329272695433377e-01
1.620094569688310393e-01
1.606241983753449454e-01
1.592756221637210146e-01
1.579622819018234314e-01
1.573183944984503646e-01
1.560553635496187974e-01
1.548242789528871954e-01
1.536239425993564667e-01
1.524532171092387589e-01
1.513110219397178768e-01
1.501963297945209941e-01
1.491081633077589175e-01
1.480455919774522067e-01
1.470077293267078034e-01
1.459937302727117303e-01
1.450027886857065962e-01
1.440341351218751564e-01
1.430870347155967504e-01
1.421607852179558318e-01
1.412547151696051662e-01
1.403681821972038446e-01
1.395005714236387251e-01
1.386512939831260061e-01
1.378197856330942717e-01
1.370055054554544516e-01
1.362079346405261349e-01
1.354265753474559186e-01
1.346609496354974345e-01
1.339105984609941236e-01
1.331750807353411781e-01
1.324539724395847051e-01
1.317468657916760488e-01
1.310533684627150364e-01
1.303731028388152025e-01
1.297057053254789538e-01
1.290508256916238217e-01
1.284081264506128361e-01
1.277772822758496962e-01
1.271579794486839277e-01
1.265499153365281237e-01
1.259527978992678598e-01
1.253663452221567276e-01
1.247902850735475994e-01
1.242243544859056442e-01
1.236682993586784435e-01
1.231218740816853174e-01
1.225848411777875901e-01
1.220569709636899897e-01
1.215380412277906330e-01
1.210278369240855717e-01
1.205261498811845966e-01
1.200327785255771301e-01
1.195475276183216029e-01
1.190702080044044597e-01
1.186006363740548519e-01
1.181386350353457182e-01
1.176840316974626516e-01
1.172366592640507188e-01
1.167963556360951949e-01
1.163629635238202648e-01
1.159363302671248264e-01
1.155163076641007036e-01
1.151027518072121059e-01
1.146955229267298537e-01
1.142944852410528733e-01
1.138995068135567612e-01


